15387
19392
23997
28511
32204
33382
36083
40823
41066
63314
82737
85916
88639
90058
93181
93943
105623
117167
123836
139777
140677
142845
154948
158816
168134
169654
171719
171895
184375
198912
205817
208044
210500
213212
213229
214238
219549
220665
225781
233310
236477
239183
246944
247532
248793
262839
268679
271224
273893
276643
286831
291585
297466
316305
326021
327307
328237
332943
335532
339483
340755
341775
343966
356374
363848
364992
365143
370577
378713
379925
380774
389214
392299
395440
408068
435252
435640
444342
449923
450946
453595
471992
476746
481063
483849
484134
487904
491744
495081
509099
513363
518134
525768
533057
539329
541045
543478
545148
548776
551215
551332
553593
560700
582748
594216
602216
602636
625698
626035
643684
649955
662847
673879
673918
676397
684228
690324
693747
698056
705214
714885
714964
715666
717445
731015
734444
736664
744303
747546
750670
754188
756167
766179
777904
781238
793570
800196
802352
812007
815013
816649
833583
853417
855219
859062
869965
881124
882653
895263
896529
896727
923200
927803
945288
951839
955670
965528
965795
966101
967061
974533
982178
990719
992034
992973
1020823
1027977
1028829
1029266
1047242
1047842
1050953
1060226
1066069
1068371
1080755
1080797
1086815
1090565
1098674
1111534
1134936
1139014
1144104
1156138
1158011
1163814
1170451
1180382
1183395
1183725
1185043
1187816
1189997
1199048
1201109
1229812
1231637
1232428
1234415
1237208
1237944
1238743
1242150
1258867
1263352
1263652
1268685
1268991
1272646
1276471
1279879
1280312
1282654
1287362
1289266
1305628
1318282
1318987
1321424
1326585
1331624
1350360
1357007
1362082
1362235
1363168
1364156
1367297
1376086
1387765
1389655
1392916
1403574
1407214
1408949
1412475
1430319
1437670
1440365
1444935
1445262
1455323
1456194
1464494
1467621
1468534
1469416
1487047
1492364
1499588
1509379
1527333
1528567
1529302
1532450
1534220
1535256
1544047
1551376
1551589
1569894
1570435
1573360
1578030
1578650
1580337
1586043
1587234
1607545
1610392
1613745
1617645
1619658
1632560
1633279
1648294
1649807
1652947
1653666
1655759
1657022
1660932
1671734
1677322
1677409
1681756
1689823
1692310
1696344
1699479
1700833
1704613
1708833
1712573
1725783
1737155
1737311
1747217
1753808
1754866
1755028
1755121
1769125
1783299
1799487
1801949
1816294
1818585
1819628
1820435
1825025
1831767
1834682
1849300
1855915
1878230
1879652
1881320
1882926
1885772
1893902
1895133
1897847
1901469
1902253
1903597
1910674
1910689
1910785
1918163
1919273
1922074
1922404
1927875
1929280
1934763
1939449
1941167
1942560
1954978
1960613
1962145
1975798
1976180
1976964
1981587
1982370
1983195
1986154
1986211
1988430
1988514
2001078
2006579
2009519
2026177
2031806
2035978
2044049
2053971
2058189
2067105
2071345
2071648
2083908
2085276
2086302
2090058
2098479
2098782
2107022
2128927
2134150
2156961
2166455
2168452
2169244
2169830
2171213
2174897
2178935
2182870
2190602
2198445
2201114
2202075
2204034
2205489
2212202
2240996
2245495
2251554
2253499
2258266
2259010
2259721
2279801
2287045
2290756
2311866
2316437
2321403
2332367
2333273
2334391
2334649
2337484
2338261
2338312
2340752
2356367
2359310
2362336
2363181
2366853
2370162
2372767
2373729
2379335
2390821
2392397
2409286
2412261
2412981
2416093
2419666
2430859
2437188
2451581
2452766
2457282
2464676
2476409
2487097
2487902
2491701
2492496
2496843
2499237
2500813
2509031
2536217
2537510
2541081
2552262
2552327
2557691
2567882
2572693
2589229
2595264
2603938
2610002
2616611
2616681
2621591
2621816
2625336
2633234
2636405
2638179
2639250
2639962
2642434
2646971
2647935
2649491
2651369
2654101
2661700
2662072
2666837
2669617
2672749
2676577
2688711
2693272
2708606
2711622
2724597
2727936
2738836
2751625
2754600
2760511
2764395
2764770
2766062
2767009
2777163
2791682
2796001
2799606
2802048
2809125
2841503
2845076
2861789
2865830
2871922
2875128
2881298
2883614
2896214
2902238
2918617
2926501
2927674
2934324
2937023
2943504
2944058
2944226
2945085
2950108
2950181
2969675
2978827
2979814
2986484
3004727
3018121
3022809
3027109
3033630
3036428
3046005
3055557
3057896
3059756
3069808
3082913
3088266
3094082
3094346
3101505
3105195
3115741
3119104
3124292
3125763
3147887
3152671
3165413
3165457
3165814
3167680
3177615
3182101
3183492
3202142
3222117
3226256
3249598
3250782
3251526
3254153
3265648
3269562
3279520
3287168
3287600
3299043
3301642
3302467
3304009
3304279
3312765
3320394
3358452
3361994
3363200
3364465
3367405
3369581
3381545
3393276
3394664
3396347
3399113
3401605
3402830
3407561
3411915
3414825
3416912
3417422
3422069
3422347
3430742
3433950
3444301
3446883
3449193
3450686
3454206
3462141
3469016
3473056
3476285
3489363
3504151
3511732
3512056
3519755
3521810
3534810
3551711
3559896
3570721
3584430
3588064
3592996
3593895
3597497
3628637
3629218
3634976
3636698
3642763
3646399
3649642
3658029
3662221
3674427
3676345
3684491
3687773
3698229
3698292
3702464
3703024
3711208
3717584
3723945
3724001
3739639
3742716
3744941
3747075
3754594
3774456
3775599
3791564
3795863
3800924
3802464
3819272
3820235
3821142
3823430
3831595
3859457
3861233
3862301
3879065
3885299
3887093
3892584
3893254
3897658
3897787
3899575
3901104
3902341
3903439
3910044
3910527
3913256
3917049
3922346
3933049
3937186
3941080
3941699
3957083
3960402
3965037
3976454
3977449
3977521
3990260
3999679
3999827
4001135
4002580
4005852
4006528
4010159
4013781
4015418
4022776
4026141
4027317
4032532
4033914
4036790
4039541
4042736
