3187
3550
3736
4499
5577
10833
10839
19182
19380
21966
22329
23183
30067
36332
36557
37856
44575
45405
46722
46908
48264
52279
55304
61117
62200
64483
64668
65175
65826
66440
66533
66857
73503
77645
78314
78842
79904
83889
84162
84968
85886
86612
87830
88420
89350
91001
99263
99806
100415
101666
102965
103390
104103
104571
104712
106112
106842
110263
112871
113892
114840
114913
115923
118603
119491
119650
120869
121079
121981
122125
122341
125003
125895
129040
136137
136163
138613
140542
140823
147893
151548
152206
152221
155015
157647
160089
162901
165019
165453
178963
181418
184086
190160
190202
190637
194218
201514
203253
203721
205736
205862
206171
206719
209159
209384
213144
217708
218454
219689
220233
220928
222025
222448
225181
229185
238868
239117
245501
249554
250645
250756
251224
252592
254714
258207
260436
260910
261436
264613
268375
268652
268751
269693
273554
275680
275755
276158
276943
277198
279744
279942
279974
282127
282355
283339
284699
284840
286196
286367
286535
286673
287257
288680
288875
292410
292704
292747
297339
300530
304238
305306
305819
307121
307241
311985
312560
314612
316032
316195
316204
316459
317856
320172
320181
320187
320465
320642
322108
322267
325920
326626
330521
330749
334808
337295
339718
343432
344860
345335
347492
353268
353277
354694
355495
357717
360416
361700
361784
362522
363191
363476
363548
366394
367315
368434
369565
370934
370955
376854
377750
382069
382335
384040
388625
391776
392020
400400
401746
404366
404951
405192
407058
413168
415235
421023
421700
422300
423101
423863
434433
434616
436326
436542
438745
438863
440565
441906
446562
446835
447252
448318
448585
448714
449440
450332
462034
462061
467776
468528
469311
475104
475489
476573
488900
491082
496115
496862
499827
499887
500250
500708
506069
509408
510712
511383
513093
517939
519265
519778
520560
522862
523389
524431
524857
524941
525591
527041
529615
530837
533213
533729
537307
538849
539820
540517
542094
542160
553626
555219
557237
557609
557687
557837
558104
561960
570680
572146
572226
572500
572858
572976
573579
574844
574872
579103
580289
581831
582571
583114
584263
588442
589880
590632
591415
595368
596152
597232
602006
603365
606005
608896
610928
615271
617032
617873
617879
618455
620143
621700
627544
629018
637454
637875
638961
639864
640143
640446
643045
644245
646117
646968
647873
648284
650242
650433
654771
655751
661319
664403
664848
665439
670645
671527
674777
675419
678368
679371
689249
691142
699071
699223
703268
704428
705597
706044
707848
713908
715252
716689
721122
722823
723558
726987
730329
731054
732160
732668
734598
740683
747135
749619
753936
756068
764371
767106
775728
777420
779086
780555
782966
783793
786035
787527
788718
788985
793489
794691
794796
795216
796188
796701
800045
808617
812310
815278
818476
820769
821544
822662
823480
824830
826286
826463
827768
829977
831589
835730
836204
841835
842402
844598
848815
850849
851380
852001
852388
855294
856414
857304
862945
864826
865045
869035
869332
872941
874054
874786
876960
879908
882839
884705
887039
889393
892360
894256
897736
897999
903313
904185
904212
905255
908089
909348
909898
914296
914623
915843
916344
916404
918562
923488
924304
924334
924634
924853
930790
931027
933351
934974
939553
940609
940858
941221
943346
946244
948246
950654
952614
957911
958784
960430
963379
963544
964540
964555
965603
966610
966953
969756
969867
970374
970779
973981
977016
978332
979301
982637
988073
988853
991099
993205
995258
1004678
1005515
1007554
1013102
1014794
1015636
1017908
1018159
1018558
1018909
1028789
1030176
1031076
1031298
1032939
1036659
1036788
1039169
1042030
1050221
1055123
1060708
1062658
1065697
1068752
1070164
1071148
1074929
1075944
1076307
1082907
1083594
1084643
1085077
1085682
1085955
1086205
1086685
1089761
1091428
1092549
1092666
1095008
1098587
1099358
1114781
1119743
1120457
1121096
1122448
1124276
1127466
1128338
1128661
1131300
1132685
1133751
1133931
1134702
1141589
1143371
1146595
1154537
1154920
1163091
1163571
1163637
1165141
1171203
1171209
1181685
1183404
1184791
1185827
1189750
1189810
1190094
1191777
1194863
1196266
1201850
1202613
1202823
1204030
1204773
1208988
1209261
1210046
1211358
1211528
1214233
1217499
1218364
1219617
1220334
1220835
1223143
1225348
1229172
1230565
1232140
1233848
1234490
1235797
1239285
1239493
1242990
1243650
1244342
1244445
1247965
1250986
1254038
1254183
1256850
1257554
1257899
1258949
1262325
1266316
1268194
1268200
1268583
1269935
1271574
1278520
1280678
1283863
1287092
1287994
1293449
1294709
1295223
1295474
1310615
1312933
1316620
1318186
1318965
1329633
1336558
1341205
1341352
1346785
1347409
1351297
1351351
1352679
1353099
1353824
1354735
1355447
1355999
1358076
1359245
1359916
1361157
1361437
1363253
1363955
1364387
1365075
1367284
1368073
1368634
1370751
1372549
1372919
1375788
1376395
1377371
1380808
1381045
1382305
1385566
1386245
1390129
1390598
1390636
1398578
1400857
1403694
1405471
1407550
1408483
1412586
1412817
1413077
1413808
1415043
1415367
1417100
1419660
1420169
1420217
1420253
1420340
1420475
1423552
1424595
1429299
1437613
1437787
1439057
1442350
1447165
1448765
1449092
1449525
1451129
1451549
1451944
1454942
1456545
1459759
1461735
1464017
1476641
1483868
1485714
1491732
1494510
1498295
1501045
1501141
1501225
1507809
1509064
1509302
1512120
1513102
1516589
1519130
1522080
1523877
1523970
1524399
1524536
1529776
1530323
1530926
1531233
1531573
1532597
1534197
1538740
1539676
1542135
1546322
1546923
1550222
1550234
1552627
1553905
1555851
1557603
1558474
1558969
1560085
1563226
1563760
1564276
1565426
1568825
1568908
1573407
1574076
1577644
1589377
1589863
1590506
1590823
1601155
1601704
1602869
1604612
1608177
1608207
1609296
1612453
1612645
1614017
1615469
1618197
1619808
1621896
1623377
1623746
1624117
1624138
1624563
1625142
1625355
1628061
1630039
1631593
1632112
1632317
1633693
1633967
1636164
1638929
1639968
1644378
1645682
1645886
1661389
1661611
1666762
1667197
1667377
1667386
1668199
1669845
1670744
1670959
1674221
1675291
1675957
1683564
1684590
1685947
1687124
1689021
1695081
1696558
1697387
1698149
1700251
1700587
1700884
1706809
1707628
1708683
1714338
1714755
1715639
1716281
1719525
1721099
1721326
1723712
1725564
1726017
1729516
1735522
1735582
1739879
1741362
1746368
1748587
1748853
1751867
1754290
1758304
1760518
1763113
1765481
1765907
1766321
1770614
1770631
1771721
1772933
1780819
1784124
1784130
1785008
1787243
1787839
1790797
1790917
1791355
1792215
1795226
1795513
1795817
1799957
1805041
1809991
1813222
1813657
1816087
1816123
1816694
1817122
1817269
1818567
1821298
1823407
1825963
1826936
1827317
1830766
1830897
1832826
1833941
1835131
1837544
1837853
1839011
1839353
1845993
1846608
1848414
1849355
1849797
1849851
1852404
1854817
1855375
1855627
1858206
1860746
1861748
1863528
1863729
1864190
1865292
1865484
1869005
1871435
1872124
1878395
1880212
1880784
1881984
1882749
1886849
1890583
1890619
1899119
1899760
1900022
1904041
1905414
1908515
1912003
1912466
1918274
1920782
1921518
1921779
1922653
1924545
1925567
1926957
1930778
1934499
1936961
1937071
1944099
1949677
1958651
1960043
1960250
1965991
1967248
1967835
1969919
1971441
1972637
1974910
1975345
1975573
1977615
1981005
1982421
1985551
1989965
1993885
1995167
1997858
2001612
2004374
2008667
2009402
2010533
2011366
2011561
2017665
2017755
2019102
2019810
2020269
2022659
2022854
2022956
2023076
2023440
2023827
2023977
2028385
2031878
2032299
2035188
2037553
2038794
2040575
2041475
2041888
2045008
2045239
2046259
2051869
2052034
2055942
2056460
2059818
2060201
2063269
2065741
2067173
2067333
2070368
2074313
2076387
2076918
2078554
2080559
2082374
2083921
2084002
2086469
2088038
2091558
2091861
2093427
2093967
2100730
2109506
2112257
2114284
2115056
2118665
2119150
2120344
2122066
2122171
2126252
2126407
2128008
2128698
2129485
2130631
2131807
2133245
2135145
2136793
2137410
2140520
2141829
2147940
2148489
2149415
2150222
2154583
2155210
2155692
2157786
2159185
2160709
2161566
2163103
2163298
2164844
2164925
2165526
2165571
2168425
2168731
2169422
2174348
2175083
2178623
2179235
2181421
2181433
2181939
2186518
2189478
2193579
2193588
2194671
2198145
2198688
2199375
2199981
2201087
2202371
2208259
2208295
2212169
2216254
2217541
2218726
2218827
2220814
2223325
2234834
2243251
2245721
2246000
2246267
2246288
2246852
2247191
2249481
2249685
2250594
2257411
2260408
2263052
2263511
2264639
2272300
2273424
2279175
2279999
2281450
2286715
2288263
2289772
2291128
2291656
2293488
2300769
2302958
2305377
2306004
2309727
2313447
2318989
2319870
2320652
2321532
2321612
2323724
2323997
2325955
2326227
2329262
2332034
2333797
2337343
2339132
2339758
2340399
2345353
2348476
2349447
2357398
2359832
2360187
2361339
2363709
2363721
2366012
2368427
2370423
2371011
2372249
2375612
2376898
2376938
2385490
2389695
2390129
2390911
2391556
2393907
2395712
2396012
2396307
2397631
2397943
2398417
2398786
2399467
2408287
2409513
2410895
2412657
2413083
2417718
2419642
2421581
2422634
2424031
2430221
2435099
2435788
2436244
2437397
2437630
2437801
2438388
2439598
2442211
2443656
2444007
2444941
2445380
2447203
2448776
2450234
2454576
2457957
2458629
2458809
2459709
2465274
2468345
2475546
2476095
2476619
2476628
2477785
2477836
2477911
2478097
2478659
2480687
2482395
2484820
2485202
2486623
2493254
2494835
2497254
2499396
2500648
2502212
2502983
2503652
2504780
2506427
2508704
2517089
2518082
2521265
2522341
2527611
2528496
2530202
2533916
2535347
2537694
2544785
2547320
2547994
2551209
2551659
2551860
2558223
2558508
2559803
2561124
2562506
2564722
2565588
2566207
2566597
2572762
2574046
2576236
2576365
2577693
2579700
2584700
2587086
2594979
2597026
2598846
2602087
2602768
2606275
2606392
2606416
2608851
2608968
2608992
2611079
2612008
2616824
2619948
2620779
2620939
2621024
2621153
2622343
2625804
2629105
2632258
2633684
2637505
2638449
2641163
2641792
2641858
2642764
2643315
2644874
2645996
2647175
2649102
2653981
2658339
2659142
2659434
2660054
2664795
2666552
2667469
2670268
2670729
2670933
2676990
2682377
2683391
2684126
2686477
2688294
2688933
2690657
2691540
2692230
2693427
2694730
2695250
2695844
2699769
2702116
2703147
2704425
2706786
2710133
2712150
2713269
2714699
2716052
2716628
2716837
2720099
2721302
2724633
2728377
2732572
2734124
2735621
2736512
2737217
2738081
2739970
2745831
2749793
2751526
2753340
2754450
2755122
2758579
2760625
2762920
2767801
2770140
2773101
2775497
2777040
2777283
2778120
2782186
2782698
2784715
2785154
2785611
2787497
2787590
2790837
2793277
2800181
2804041
2810144
2813006
2814770
2815616
2815876
2824532
2833241
2834901
2835739
2840143
2840879
2841521
2842089
2842254
2842742
2843263
2845319
2848621
2848775
2849454
2850644
2850830
2853227
2856873
2857317
2857462
2857490
2858446
2860294
2866259
2869428
2869731
2872840
2873965
2879011
2882561
2885266
2888391
2890761
2893617
2894405
2896262
2897325
2899621
2907178
2907393
2907561
2908179
2908580
2908958
2910553
2911171
2911282
2912877
2913015
2915472
2921008
2922852
2924457
2925440
2932860
2933316
2947055
2951813
2956791
2957524
2958759
2959960
2964357
2967030
2967621
2967673
2968560
2969074
2969349
2969376
2974695
2977868
2979554
2981634
2981643
2982051
2982114
2983663
2987868
2992440
2993409
2993652
2995062
2995266
2998138
3000550
3001698
3002502
3011403
3015189
3015325
3021180
3027977
3028867
3029906
3030167
3030262
3033618
3036686
3040390
3042810
3046638
3048693
3051898
3054959
3055551
3056088
3057395
3059216
3071741
3073679
3074198
3074627
3076504
3079911
3080957
3081848
3089779
3093116
3095067
3095484
3095589
3096252
3099991
3110035
3111668
3112703
3113464
3114842
3115169
3118515
3119447
3120499
3122927
3125449
3125776
3126649
3127530
3129655
3130087
3131834
3132007
3132219
3132588
3133194
3135890
3136368
3141880
3143240
3143749
3146152
3147917
3149687
3149747
3149885
3152812
3153684
3154757
3155144
3156009
3156787
3162262
3162572
3165541
3166714
3167461
3171474
3174679
3180099
3182437
3184064
3184244
3190333
3190726
3191635
3193540
3194562
3194769
3197732
3204757
3207346
3208244
3210496
3210581
3212734
3219950
3223933
3225797
3227357
3227495
3228824
3230497
3233048
3235510
3236736
3237494
3238255
3239334
3240030
3240216
3240798
3242286
3244146
3244770
3245022
3250758
3253106
3256120
3262143
3263599
3265546
3266567
3266577
3266669
3267607
3268663
3271394
3271403
3274789
3275215
3282113
3283587
3286073
3289250
3289496
3289817
3290059
3290066
3290287
3291359
3293493
3295260
3296067
3297559
3303028
3304508
3309817
3310843
3313544
3314208
3317621
3319842
3325044
3328042
3329157
3331101
3331983
3332804
3333658
3334600
3334911
3341423
3343928
3346363
3347538
3348644
3349103
3351189
3352340
3352514
3353180
3355801
3360052
3360894
3361321
3361366
3361537
3363014
3363515
3365905
3366262
3368318
3368915
3369077
3369461
3372904
3373016
3374686
3375436
3375604
3377623
3377773
3383002
3383755
3388752
3389760
3391553
3394057
3397615
3398175
3399716
3402941
3406105
3406999
3407134
3408258
3409183
3409663
3410477
3411556
3418277
3418879
3421892
3428356
3435362
3436992
3437725
3440910
3441247
3441535
3441673
3442090
3442321
3442549
3445501
3446598
3448422
3448719
3450039
3450324
3452637
3454388
3458507
3461682
3461865
3462288
3462795
3466360
3474803
3477764
3478559
3479756
3480799
3482386
3482917
3485960
3489953
3492027
3493469
3494189
3496386
3498010
3501485
3501755
3507369
3507501
3511759
3516000
3521047
3524481
3524838
3525572
3526664
3527453
3527787
3529218
3529797
3531623
3531737
3535509
3536113
3538217
3539235
3539673
3540790
3546741
3555410
3556055
3556520
3558678
3559353
3559431
3563183
3564559
3565533
3566303
3566316
3570121
3571722
3575580
3576851
3581994
3585056
3586488
3587065
3587603
3590707
3593260
3593375
3594771
3594948
3596570
3597236
3602664
3604119
3605415
3608835
3617492
3618565
3619273
3622045
3623473
3625773
3632883
3632934
3633642
3634401
3634551
3634818
3638083
3638896
3643934
3644637
3647541
3647688
3649362
3649672
3649729
3649753
3650524
3651397
3651562
3654984
3658236
3659063
3663957
3664450
3664984
3668834
3674955
3677372
3680375
3682661
3683296
3685299
3685431
3688643
3690005
3691318
3695546
3696250
3697837
3697954
3700183
3702964
3709483
3710549
3711019
3715790
3716144
3716317
3717875
3718634
3719121
3719673
3720575
3720812
3720954
3721480
3725298
3727075
3727618
3727765
3730481
3735131
3742923
3743892
3747180
3749253
3749655
3750678
3753323
3758055
3758256
3765321
3765519
3767860
3772376
3774207
3775290
3776324
3776366
3780088
3782263
3784759
3788334
3788533
3789744
3792150
3796292
3798626
3799578
3802134
3803305
3805318
3805778
3808024
3812557
3816647
3817286
3818030
3821153
3823874
3824102
3828758
3829366
3829948
3831605
3832437
3833173
3837354
3840656
3841742
3843039
3844955
3847043
3847049
3847771
3854047
3859342
3863360
3867584
3868526
3870151
3871132
3871333
3872186
3873140
3873703
3876823
3877148
3877196
3878078
3879150
3882524
3883300
3884398
3886112
3886781
3889067
3889999
3891646
3891758
3891915
3895233
3897002
3898498
3902815
3903085
3904221
3904560
3904992
3909777
3912677
3913280
3913388
3915777
3916623
3918206
3918939
3918995
3919169
3920849
3925259
3925943
3927077
3927544
3928614
3929964
3930185
3931098
3931511
3934780
3936452
3938106
3938829
3943648
3944683
3945368
3949349
3949679
3950910
3951051
3951432
3952817
3953474
3954242
3955489
3955801
3960042
3960642
3962589
3963365
3969049
3972718
3975152
3975896
3976748
3980309
3980844
3980868
3981624
3984750
3985224
3987519
3988615
3990551
3991106
3992931
3994629
3995849
3996725
3998304
4001039
4001282
4001651
4003158
4005467
4009739
4010530
4012515
4013044
4013109
4014135
4014888
4016098
4018654
4021224
4023623
4026324
4026423
4037647
4039523
4040266
4041051
4042344
